通信に使うビット列
アドレス：未定（32bit）

[31:13]: 空

（ソフトウェアから書き込み、ハードウェアで読み取り）
[12]: ゲーム開始フラグ
[11:10]: ソフトウェアの処理完了通知用(00:idle, 01:acept, 10:reject)

（以下ハードウェアで書き込み、ソフトウェアで読み取り）
[9]: タイムアップ判定
[8:6]: ゲーム状態（ハードウェアで状態遷移）
(
    [8]手番　0/1
    [7]駒選択/移動先選択
    [6]カーソル移動/仮決定(enterで切り替わる)
)
[5:3]Y座標
[2:0]X座標

例）Pawn e2 e4
0 0 0 1 1 0 0 1 1 0 (e2の駒を選択)
0 0 1 0 1 0 0 1 0 1 (e3にカーソルを移動)
0 0 1 0 1 0 0 1 0 0 (e4にカーソルを移動)
0 0 1 1 1 0 0 1 0 0 (e4を移動先として選択)

ソフトウェアの処理
(input timeup[9]:turn[8]:select[7]:enter[6]:rank[5:3]:file[2:0]")
## winCheckの処理
(1) timeup == 1: 時間切れ
ゲームオーバー、そのときのturnの負け

## handleCommandの処理
(1) select == 0 && enter == 0: 駒を選択中(仮決定状態)
board.cursorPosを(x, y)で更新

(2) select == 0 && enter == 1: 駒を選択中(決定状態)
fromの値を(x, y)で更新
Hardwareに選択した駒が有効かを返す
⇒あるいは、ソフトウェア側でselectを1にする
有効：自分の駒である、移動先が存在する

(3) select == 1 && enter == 0: 移動先を選択中(仮決定状態)
board.cursorPosを(x, y)で更新

(4) select == 1 && enter == 1: 移動先を選択中(決定状態)
その時の(x, y)をtoとして、board.movePiece(from, to, &board)を呼び出す
Hardwareにその移動が有効かを返す
⇒あるいは、ソフトウェア側でselectを0にしてturnを変更

以下の命令に対応するビット列を作成してください
<赤番: 0>
1. a7,a6,a5,a4,a3,a2,b2,c2,d2,e2とカーソルを移動
0 0 0 0 0 0 0 0 0 1
0 0 0 0 0 0 0 0 1 0
0 0 0 0 0 0 0 0 1 1
0 0 0 0 0 0 0 1 0 0
0 0 0 0 0 0 0 1 0 1
0 0 0 0 0 0 0 1 1 0
0 0 0 0 0 0 1 1 1 0
0 0 0 0 0 1 0 1 1 0
0 0 0 0 0 1 1 1 1 0
0 0 0 0 1 0 0 1 1 0

2. e2の駒を選択
0 0 0 1 1 0 0 1 1 0

3. e3,e4とカーソルを移動
0 0 1 0 1 0 0 1 0 1
0 0 1 0 1 0 0 1 0 0

4. e4を移動先に選択
0 0 1 1 1 0 0 1 0 0

<青番: 1>
1. e5,e6,e7,d7とカーソルを移動
0 1 0 0 1 0 0 0 1 1
0 1 0 0 1 0 0 0 1 0
0 1 0 0 1 0 0 0 0 1
0 1 0 0 0 1 1 0 0 1

2. d7の駒を選択
0 1 0 1 0 1 1 0 0 1

3. d6,d5とカーソルを移動
0 1 1 0 0 1 1 0 1 0
0 1 1 0 0 1 1 0 1 1

4. d5を選択先として選択
0 1 1 1 0 1 1 0 1 1

<赤番: 0>
5. pawn e4 d5 take
0 0 0 0 0 1 1 1 0 1
0 0 0 0 1 0 0 1 0 1
0 0 0 1 1 0 0 1 0 1
0 0 1 0 1 0 0 1 0 0
0 0 1 0 0 1 1 1 0 0
0 0 1 1 0 1 1 1 0 0



0 0 0 1 1 0 0 1 1 0

0 0 1 1 1 0 0 1 0 0

0 1 0 1 0 1 1 0 0 1

0 1 1 1 0 1 1 0 1 1

0 0 0 0 0 1 1 1 0 1
0 0 0 0 1 0 0 1 0 1
0 0 0 1 1 0 0 1 0 1
0 0 1 0 1 0 0 1 0 0
0 0 1 0 0 1 1 1 0 0
0 0 1 1 0 1 1 1 0 0